53
4.24755 6.2971 1.11089 3.28415 1.44472 2.98969 1.06096 1.91195 5.65725 1.69151 1.12863 1.86601 1.59914 2.98442 0.633743 1.1473 3.0903 2.86997 1.18597 1.26741 1.82857 0.109134 5.61088 8.69945 0.846429 0.276089 3.02737 2.43284 2.59315 3.08424 11.5162 0.660853 2.15152 3.75693 2.87857 0.701392 0.798485 15.2306 9.03758 4.7829 2.76997 3.68269 2.56059 2.11436 1.70431 3.25119 1.79118 2.9265 0.483429 1.27273 1.00862 4.28764 4.73077 
0.703125 0.60096 1.01135 0.531025 0.516424 0.702902 1.44215 0.575559 0.458286 1.05674 1.44923 1.08976 2.12268 1.29534 0.983181 1.27002 0.924786 0.990036 1.19802 1.26994 1.75495 2.45205 1.9764 0.694678 1.67797 1.65351 1.03008 1.05324 1.00303 1.20585 0.418647 1.39904 0.478232 0.990535 0.27463 1.43084 1.4852 1.96806 1.42662 1.66266 2.24921 1.52469 1.26405 1.33914 1.58904 2.1267 1.21983 2.65893 0.933566 1.31796 1.21022 4.18055 0.596485 
27.1501 11.228 -8.75888 16.6666 10.9855 8.60642 -16.2757 40.9363 37.9703 11.1089 -5.91754 7.10481 -1.63296 8.15505 -36.782 -15.0367 -0.526113 23.1427 -21.844 -18.2251 20.9098 -197.466 15.3123 17.9214 -17.5364 -42.7361 18.6661 4.39634 18.0265 7.38119 30.1547 -20.4744 -1.98623 20.731 4.65291 -36.4225 -29.927 18.9402 20.2803 31.6451 3.53589 20.943 18.004 19.4985 7.24507 5.26117 2.96397 23.7109 -29.1229 -34.3065 1.80287 9.70116 32.9316 
11.228 9.1627 -2.25875 10.4118 9.07128 2.21296 -0.797008 2.56533 28.7182 5.26031 -0.702495 8.46039 -0.43042 5.25167 -13.4021 -3.26217 1.84601 13.8824 -1.71652 1.17953 6.01865 -47.4763 8.64931 13.1122 -4.23817 -15.1478 10.1728 3.45398 13.2149 1.42052 19.7988 -8.61737 1.89134 12.3418 4.52437 -9.43966 -6.44212 9.40906 16.4275 21.7649 3.64812 9.63748 14.1704 10.2926 4.92593 3.22124 3.91593 8.95024 -9.4772 1.79963 5.33368 4.89446 18.0298 
-8.75888 -2.25875 11.4761 -0.306239 3.39044 -4.25187 9.56293 -31.8702 7.75575 -7.20651 -0.651575 0.326648 0.244904 -1.79908 20.3675 8.89025 1.80894 -6.74651 23.0001 18.6439 -8.43785 -3.12492 1.25111 -7.82982 10.1203 13.5069 9.03163 1.52529 5.51622 -0.153439 1.70363 10.7489 5.31184 -3.83219 -1.30508 23.4902 18.2709 -0.274661 2.20866 -5.73532 1.5253 -2.2223 1.79589 -6.88924 -2.23664 -3.94579 4.43337 -9.01288 16.9703 25.442 -3.64957 -0.542545 -4.17014 
16.6666 10.4118 -0.306239 17.2715 15.7219 2.9579 -5.00006 7.30539 45.3332 4.87503 -4.0861 10.3222 -0.974733 6.81819 -18.192 -6.1519 1.29692 18.7387 2.42752 2.93843 11.027 -164.363 15.8545 13.6957 -7.56841 -27.9368 21.1022 6.03996 23.8486 6.08378 31.8355 -11.565 2.6726 17.45 4.57483 -11.508 -9.27444 16.3838 24.4023 28.065 5.27308 17.7059 22.1225 13.716 6.471 2.08437 7.2796 13.6547 -13.7483 -4.26668 2.59734 8.65014 28.8115 
10.9855 9.07128 3.39044 15.7219 16.9713 -0.116651 0.497044 -10.2858 45.7456 1.03345 -3.02117 10.8721 -0.715589 5.37477 -9.24378 -2.28593 1.42689 14.8553 13.4345 12.056 5.6871 -133.694 15.0924 9.71136 -2.65364 -19.7751 20.2044 6.30985 24.6161 5.18284 30.7028 -6.55107 4.55158 14.4721 4.02263 1.06038 0.732704 14.6818 24.7469 24.2918 6.03754 14.8944 23.5054 10.2054 5.67077 0.344348 9.16656 8.09938 -6.28485 9.58082 3.05932 7.74366 24.5885 
8.60642 2.21296 -4.25187 2.9579 -0.116651 6.42228 -7.96413 25.5941 0.136737 6.7035 -1.51121 -0.31166 -0.423233 2.58347 -12.3677 -4.70421 -0.25217 5.76412 -13.9626 -12.3999 7.27883 -51.2243 2.0651 5.90605 -6.33124 -10.9057 3.03349 -0.149236 0.109194 1.96251 3.35464 -5.94453 -2.34578 5.95113 0.678585 -16.482 -12.8812 3.62888 0.240726 8.68038 -1.41042 4.83773 -3.17358 7.00876 0.94212 2.88104 -2.30887 8.85512 -10.1318 -20.863 -1.39691 1.69069 8.29041 
-16.2757 -0.797008 9.56293 -5.00006 0.497044 -7.96413 24.3875 -55.2215 2.65459 -7.80807 5.46176 2.95977 1.26816 -2.26448 29.8141 15.6581 4.54295 -11.0882 25.9897 25.3197 -17.4686 183.427 -5.8638 -4.40933 19.0619 33.9505 -3.52428 0.573902 0.228534 -7.99385 -6.94008 15.3907 7.37924 -7.76498 2.16484 34.7446 30.7827 -8.06037 1.25826 -8.72656 2.71311 -11.6983 1.42039 -11.207 -0.711606 -2.18311 2.75331 -17.9293 26.695 59.4027 5.94077 -4.09195 -12.1325 
40.9363 2.56533 -31.8702 7.30539 -10.2858 25.5941 -55.2215 191.009 -46.5868 31.2432 -6.25191 -11.2107 -0.833005 6.29118 -73.6321 -34.3986 -7.32768 25.6799 -90.693 -82.4349 45.8509 -295.59 0.223379 21.0246 -45.1009 -64.2103 -9.56445 -4.48699 -15.3185 17.5406 -3.23256 -40.1232 -23.1004 16.5379 -0.7019 -99.62 -80.5948 5.8383 -16.7114 9.95729 -12.5459 16.8483 -28.067 27.1144 4.31842 14.8643 -19.6282 44.2027 -63.9041 -144.581 -5.11186 6.15984 30.4342 
37.9703 28.7182 7.75575 45.3332 45.7456 0.136737 2.65459 -46.5868 179.001 -2.23169 -15.5764 33.0749 -3.74921 16.1003 -34.8843 -15.96 3.43466 42.9212 33.293 34.729 22.359 -423.618 48.948 26.6618 -12.9643 -77.0297 71.2098 19.0997 76.1638 10.7487 99.5647 -22.3712 16.8307 43.1316 14.6987 -10.8838 -11.7495 53.5576 77.0103 72.8848 23.1508 52.8874 81.5149 25.3966 17.0432 -1.42382 30.6241 25.8544 -26.0715 38.3378 1.70329 25.7117 71.7929 
11.1089 5.26031 -7.20651 4.87503 1.03345 6.7035 -7.80807 31.2432 -2.23169 11.8618 0.750656 3.06444 -0.0768768 4.6403 -17.3097 -4.60607 1.02745 10.4522 -17.9152 -14.3008 6.46696 -15.3316 1.66417 12.8357 -7.26896 -11.0632 0.654923 -0.0209938 0.146781 0.286258 4.45794 -9.61053 -2.67706 10.0105 2.24851 -21.0736 -14.9991 3.30523 2.23492 15.6663 -1.66738 4.99655 -3.46827 11.35 2.47794 5.30967 -2.73163 11.5261 -13.9189 -22.2091 4.46081 1.65718 11.2314 
-5.91754 -0.702495 -0.651575 -4.0861 -3.02117 -1.51121 5.46176 -6.25191 -15.5764 0.750656 5.11113 0.122243 1.00506 -0.923541 6.4197 4.87329 1.2427 -2.28325 0.842171 1.82186 -4.96456 105.675 -5.93149 0.921377 5.12482 14.893 -10.3439 -1.41044 -6.41298 -2.91122 -9.44731 3.35229 -0.481163 -3.60026 0.341214 7.06932 7.65068 -7.31649 -4.30119 -4.12467 -0.937986 -7.47051 -4.02636 -1.30023 -0.320432 1.50084 -2.21671 -5.34038 5.64727 10.4064 4.71509 -3.15267 -7.01347 
7.10481 8.46039 0.326648 10.3222 10.8721 -0.31166 2.95977 -11.2107 33.0749 3.06444 0.122243 14.8097 0.174287 4.58326 -6.56975 -1.58166 1.42397 12.7633 11.8196 15.1225 -0.520188 -15.9785 9.93478 9.45742 -2.17909 -14.295 11.7073 4.18113 16.0805 0.798544 22.315 -5.11379 5.36835 12.3011 4.50761 -1.28728 -0.49767 10.8341 17.1836 22.9831 3.78012 10.0927 15.3814 8.50344 3.67411 1.38734 9.648 6.23499 -7.21562 10.7185 5.73903 4.41116 10.7036 
-1.63296 -0.43042 0.244904 -0.974733 -0.715589 -0.423233 1.26816 -0.833005 -3.74921 -0.0768768 1.00506 0.174287 0.354633 -0.401968 2.40162 1.1292 0.253219 -0.683099 1.25792 1.58598 -1.26051 21.8296 -1.28838 -0.511699 1.04445 3.01308 -1.76614 -0.263002 -1.29562 -0.286624 -2.07781 1.15018 0.223571 -1.07364 -0.00979504 1.83034 1.7637 -1.57936 -1.33006 -1.51886 -0.433711 -1.55792 -1.62255 -0.885721 -0.303042 0.245356 -0.05274 -1.39341 1.48473 2.30073 0.563569 -0.736656 -2.29182 
8.15505 5.25167 -1.79908 6.81819 5.37477 2.58347 -2.26448 6.29118 16.1003 4.6403 -0.923541 4.58326 -0.401968 4.14016 -9.59101 -2.29397 1.23295 9.05346 -3.26915 -1.8303 4.46015 -42.3159 5.50669 8.70041 -3.08528 -10.1978 6.99783 1.96428 7.80809 1.14708 11.2851 -5.93439 0.667673 8.51248 2.20812 -7.81062 -5.42028 6.22314 9.23972 14.7833 1.78219 7.01904 7.90097 7.53215 2.78243 2.11688 1.72908 6.82817 -7.13496 -3.23983 2.86581 3.04314 12.2899 
-36.782 -13.4021 20.3675 -18.192 -9.24378 -12.3677 29.8141 -73.6321 -34.8843 -17.3097 6.4197 -6.56975 2.40162 -9.59101 66.1034 26.9821 3.801 -31.2134 46.0462 40.5582 -32.2938 234.449 -16.1791 -25.2078 31.473 64.479 -8.97201 -3.11148 -14.0616 -8.63831 -32.1884 33.6341 9.11065 -25.4212 -5.3853 62.5545 51.5069 -21.0636 -20.3456 -37.8051 -3.2582 -25.4589 -21.1211 -28.6455 -9.25186 -8.37737 0.92492 -33.8629 51.6599 67.9161 -5.13698 -11.4928 -39.0772 
-15.0367 -3.26217 8.89025 -6.1519 -2.28593 -4.70421 15.6581 -34.3986 -15.96 -4.60607 4.87329 -1.58166 1.1292 -2.29397 26.9821 17.094 4.15919 -11.0033 18.2832 15.003 -14.6289 145.351 -7.57641 -4.68187 16.8773 34.6909 -5.04062 -0.95397 -5.19279 -4.68191 -13.0808 14.9214 4.32158 -8.00786 -1.13456 29.0721 25.9406 -10.5781 -5.54901 -11.0719 -0.792994 -12.999 -7.31212 -8.53577 -3.12764 -1.74282 -1.12106 -14.6241 24.7343 35.0736 2.8107 -5.17395 -13.5296 
-0.526113 1.84601 1.80894 1.29692 1.42689 -0.25217 4.54295 -7.32768 3.43466 1.02745 1.2427 1.42397 0.253219 1.23295 3.801 4.15919 2.91672 1.32496 2.31523 2.92825 -1.7226 32.2119 -0.240141 3.58435 3.93413 6.50615 2.37848 0.70187 1.97285 -1.29281 1.3094 1.70745 1.65258 1.58981 1.39471 4.1524 4.81464 -0.793564 2.96463 2.90168 1.01617 -1.12639 2.14079 0.600334 0.49327 1.15151 -0.387838 -1.76306 4.70107 11.8715 1.95023 -0.131387 1.82503 
23.1427 13.8824 -6.74651 18.7387 14.8553 5.76412 -11.0882 25.6799 42.9212 10.4522 -2.28325 12.7633 -0.683099 9.05346 -31.2134 -11.0033 1.32496 29.8177 -9.94307 -5.20479 17.0425 -143.708 16.1914 21.6373 -13.8574 -37.2732 15.8145 5.40819 21.1939 7.71916 34.046 -19.3625 0.157855 21.9091 5.5585 -26.1383 -20.6698 17.1438 26.1799 38.0367 5.34455 20.0656 26.9402 21.3155 7.24424 6.48231 6.22718 19.557 -26.2659 -18.9597 5.57349 9.23145 30.5506 
-21.844 -1.71652 23.0001 2.42752 13.4345 -13.9626 25.9897 -90.693 33.293 -17.9152 0.842171 11.8196 1.25792 -3.26915 46.0462 18.2832 2.31523 -9.94307 75.0805 65.3529 -26.7404 47.4381 7.54317 -16.093 22.5572 24.5584 16.3402 5.15273 19.4492 -0.762126 13.5238 23.1915 15.6661 -5.67908 -2.69616 61.9014 48.344 3.23487 12.688 -1.06302 4.59473 -1.55979 11.0297 -14.1421 -3.48809 -10.514 19.262 -20.175 34.7638 68.7077 -1.21893 -0.62472 -11.9738 
-18.2251 1.17953 18.6439 2.93843 12.056 -12.3999 25.3197 -82.4349 34.729 -14.3008 1.82186 15.1225 1.58598 -1.8303 40.5582 15.003 2.92825 -5.20479 65.3529 64.7492 -24.6594 90.8678 6.99253 -11.0257 18.3304 18.5308 15.2333 5.0538 18.3904 -2.70575 15.184 18.376 15.997 -2.82465 0.39108 51.0844 40.2007 4.15012 13.5794 5.00083 4.36634 -0.406812 10.7151 -12.2099 -2.55225 -7.63406 19.2476 -17.0155 28.1864 66.2673 0.957297 -0.600992 -12.0425 
20.9098 6.01865 -8.43785 11.027 5.6871 7.27883 -17.4686 45.8509 22.359 6.46696 -4.96456 -0.520188 -1.26051 4.46015 -32.2938 -14.6289 -1.7226 17.0425 -26.7404 -24.6594 26.3378 -196.504 9.70527 11.2053 -16.8901 -35.8499 10.2211 2.6273 10.8209 9.16111 18.2754 -17.2953 -5.50104 11.6408 3.05048 -33.6952 -28.4264 10.9013 12.3195 14.3094 2.62418 15.4119 15.2748 13.3655 5.72514 4.62235 -1.97435 17.3025 -25.4662 -36.3352 -2.28043 7.52085 26.3296 
-197.466 -47.4763 -3.12492 -164.363 -133.694 -51.2243 183.427 -295.59 -423.618 -15.3316 105.675 -15.9785 21.8296 -42.3159 234.449 145.351 32.2119 -143.708 47.4381 90.8678 -196.504 3709.93 -186.935 -39.553 149.702 425.226 -279.466 -53.7172 -233.394 -123.055 -303.184 145.687 17.058 -140.128 -7.09487 215.347 209.948 -197.016 -182.417 -161.513 -35.2949 -234.365 -181.491 -109.789 -54.3194 16.6099 -49.8123 -181.826 197.322 342.132 112.07 -107.319 -334.357 
15.3123 8.64931 1.25111 15.8545 15.0924 2.0651 -5.8638 0.223379 48.948 1.66417 -5.93149 9.93478 -1.28838 5.50669 -16.1791 -7.57641 -0.240141 16.1914 7.54317 6.99253 9.70527 -186.935 17.3869 8.42111 -8.07405 -31.151 23.7301 5.93456 24.0968 6.76872 32.974 -9.71228 3.57785 15.8232 3.17798 -9.28137 -9.21183 18.6344 23.2619 26.1006 5.45283 18.9935 22.5643 11.5776 4.93211 -0.216423 9.80652 13.02 -13.4627 -5.70857 -1.28203 8.84267 24.7724 
17.9214 13.1122 -7.82982 13.6957 9.71136 5.90605 -4.40933 21.0246 26.6618 12.8357 0.921377 9.45742 -0.511699 8.70041 -25.2078 -4.68187 3.58435 21.6373 -16.093 -11.0257 11.2053 -39.553 8.42111 24.8842 -7.12606 -17.7826 6.78875 3.32228 12.5629 1.05237 20.6892 -15.5609 -0.921828 18.1955 6.54735 -21.7056 -14.0655 8.90863 19.0248 31.3393 3.53158 11.0291 15.5274 18.2813 7.4846 7.26936 -0.325469 14.767 -16.996 -7.53064 10.4318 5.55883 26.7171 
-17.5364 -4.23817 10.1203 -7.56841 -2.65364 -6.33124 19.0619 -45.1009 -12.9643 -7.26896 5.12482 -2.17909 1.04445 -3.08528 31.473 16.8773 3.93413 -13.8574 22.5572 18.3304 -16.8901 149.702 -8.07405 -7.12606 20.5689 39.7481 -6.07644 -0.957725 -5.01441 -5.96131 -14.9028 16.8717 4.45248 -10.3592 -1.25066 35.3563 30.908 -11.2502 -5.5494 -14.3189 0.514395 -14.05 -4.22293 -10.8202 -2.59906 -3.0732 -0.955753 -17.6999 28.7873 45.4357 1.9472 -5.44578 -14.5631 
-42.7361 -15.1478 13.5069 -27.9368 -19.7751 -10.9057 33.9505 -64.2103 -77.0297 -11.0632 14.893 -14.295 3.01308 -10.1978 64.479 34.6909 6.50615 -37.2732 24.5584 18.5308 -35.8499 425.226 -31.151 -17.7826 39.7481 96.0266 -36.001 -8.0158 -34.2781 -15.7066 -58.516 35.6473 1.86005 -31.9111 -5.37429 63.507 57.3468 -38.2738 -33.52 -48.1638 -5.91534 -42.5851 -32.4338 -26.831 -8.97288 -3.67375 -13.2534 -39.8994 58.6597 71.0866 4.97762 -17.9571 -46.7483 
18.6661 10.1728 9.03163 21.1022 20.2044 3.03349 -3.52428 -9.56445 71.2098 0.654923 -10.3439 11.7073 -1.76614 6.99783 -8.97201 -5.04062 2.37848 15.8145 16.3402 15.2333 10.2211 -279.466 23.7301 6.78875 -6.07644 -36.001 48.3102 8.95072 35.7482 7.86681 44.836 -6.38392 9.44623 20.9697 4.18907 -7.02141 -8.26097 27.1237 29.8688 30.7935 6.93333 26.162 23.0433 10.1887 4.90669 -1.80709 14.5004 15.157 -8.35737 2.24796 -8.10741 11.9666 33.0288 
4.39634 3.45398 1.52529 6.03996 6.30985 -0.149236 0.573902 -4.48699 19.0997 -0.0209938 -1.41044 4.18113 -0.263002 1.96428 -3.11148 -0.95397 0.70187 5.40819 5.15273 5.0538 2.6273 -53.7172 5.93456 3.32228 -0.957725 -8.0158 8.95072 2.61683 10.0728 2.02978 12.1782 -2.32697 2.17746 5.41734 1.88338 0.0519457 -0.0785294 5.98259 9.72538 8.70497 2.5177 5.99484 9.30109 3.23815 2.29789 0.0721819 3.74409 2.99882 -2.13472 4.9001 0.611875 3.13309 9.55769 
18.0265 13.2149 5.51622 23.8486 24.6161 0.109194 0.228534 -15.3185 76.1638 0.146781 -6.41298 16.0805 -1.29562 7.80809 -14.0616 -5.19279 1.97285 21.1939 19.4492 18.3904 10.8209 -233.394 24.0968 12.5629 -5.01441 -34.2781 35.7482 10.0728 39.5113 8.23255 48.1866 -9.95155 7.94132 21.7216 6.686 -1.62871 -2.17457 24.6329 37.5187 34.7788 9.67112 24.9685 36.0632 13.4622 8.79062 -0.375154 14.8175 13.1339 -10.2703 14.5928 1.12813 12.593 37.8988 
7.38119 1.42052 -0.153439 6.08378 5.18284 1.96251 -7.99385 17.5406 10.7487 0.286258 -2.91122 0.798544 -0.286624 1.14708 -8.63831 -4.68191 -1.29281 7.71916 -0.762126 -2.70575 9.16111 -123.055 6.76872 1.05237 -5.96131 -15.7066 7.86681 2.02978 8.23255 8.66251 11.5766 -4.88612 -0.991526 4.71675 -0.0178058 -7.37299 -7.4977 6.24368 6.5893 5.53719 1.01752 7.86411 8.12768 5.31908 1.28962 0.4807 2.19945 6.61862 -8.03764 -15.3444 -4.00893 3.98362 9.66374 
30.1547 19.7988 1.70363 31.8355 30.7028 3.35464 -6.94008 -3.23256 99.5647 4.45794 -9.44731 22.315 -2.07781 11.2851 -32.1884 -13.0808 1.3094 34.046 13.5238 15.184 18.2754 -303.184 32.974 20.6892 -14.9028 -58.516 44.836 12.1782 48.1866 11.5766 67.7078 -19.4024 8.3033 32.6344 9.07409 -18.1425 -16.716 35.7789 49.3556 53.792 11.9728 35.4706 46.9026 23.4157 10.7954 2.09089 19.2054 24.2046 -25.6212 -0.161039 2.01721 17.4739 49.4287 
-20.4744 -8.61737 10.7489 -11.565 -6.55107 -5.94453 15.3907 -40.1232 -22.3712 -9.61053 3.35229 -5.11379 1.15018 -5.93439 33.6341 14.9214 1.70745 -19.3625 23.1915 18.376 -17.2953 145.687 -9.71228 -15.5609 16.8717 35.6473 -6.38392 -2.32697 -9.95155 -4.88612 -19.4024 21.2864 4.2707 -14.6411 -3.91269 34.0079 27.7137 -11.7784 -13.107 -22.5126 -2.00318 -15.0227 -12.9706 -15.0956 -6.14585 -4.81456 -0.138095 -18.8124 27.5957 33.5705 -3.21698 -6.70691 -23.7114 
-1.98623 1.89134 5.31184 2.6726 4.55158 -2.34578 7.37924 -23.1004 16.8307 -2.67706 -0.481163 5.36835 0.223571 0.667673 9.11065 4.32158 1.65258 0.157855 15.6661 15.997 -5.50104 17.058 3.57785 -0.921828 4.45248 1.86005 9.44623 2.17746 7.94132 -0.991526 8.3033 4.2707 6.53427 2.18761 1.41543 10.2622 8.08887 3.9981 6.62773 5.65436 1.91523 2.22362 4.54466 -2.06562 0.0296316 -1.32374 6.2054 -2.64659 6.19496 19.222 0.511853 0.902518 -0.4836 
20.731 12.3418 -3.83219 17.45 14.4721 5.95113 -7.76498 16.5379 43.1316 10.0105 -3.60026 12.3011 -1.07364 8.51248 -25.4212 -8.00786 1.58981 21.9091 -5.67908 -2.82465 11.6408 -140.128 15.8232 18.1955 -10.3592 -31.9111 20.9697 5.41734 21.7216 4.71675 32.6344 -14.6411 2.18761 22.0226 5.3642 -21.2996 -16.6022 18.3054 23.6468 35.4078 4.40399 19.1464 19.0672 18.5388 6.33005 4.27382 6.78956 18.3195 -20.2131 -13.5196 3.93087 8.71105 29.1056 
4.65291 4.52437 -1.30508 4.57483 4.02263 0.678585 2.16484 -0.7019 14.6987 2.24851 0.341214 4.50761 -0.00979504 2.20812 -5.3853 -1.13456 1.39471 5.5585 -2.69616 0.39108 3.05048 -7.09487 3.17798 6.54735 -1.25066 -5.37429 4.18907 1.88338 6.686 -0.0178058 9.07409 -3.91269 1.41543 5.3642 5.16653 -5.17529 -3.03478 3.56705 8.24094 8.41911 2.27983 3.42005 7.75827 3.694 3.23379 2.14869 1.27162 2.70695 -3.32174 7.40801 2.68309 2.34141 8.18453 
-36.4225 -9.43966 23.4902 -11.508 1.06038 -16.482 34.7446 -99.62 -10.8838 -21.0736 7.06932 -1.28728 1.83034 -7.81062 62.5545 29.0721 4.1524 -26.1383 61.9014 51.0844 -33.6952 215.347 -9.28137 -21.7056 35.3563 63.507 -7.02141 0.0519457 -1.62871 -7.37299 -18.1425 34.0079 10.2622 -21.2996 -5.17529 80.6691 66.531 -16.6075 -5.13967 -27.955 2.53512 -21.6477 -0.266003 -23.2636 -6.46528 -10.1947 5.38315 -35.335 54.2408 86.6361 1.07487 -8.34805 -28.1706 
-29.927 -6.44212 18.2709 -9.27444 0.732704 -12.8812 30.7827 -80.5948 -11.7495 -14.9991 7.65068 -0.49767 1.7637 -5.42028 51.5069 25.9406 4.81464 -20.6698 48.344 40.2007 -28.4264 209.948 -9.21183 -14.0655 30.908 57.3468 -8.26097 -0.0785294 -2.17457 -7.4977 -16.716 27.7137 8.08887 -16.6022 -3.03478 66.531 56.7252 -15.6381 -3.85599 -21.4174 1.99168 -19.5035 -1.11753 -17.8021 -4.24787 -6.8171 2.59883 -29.4155 46.0125 75.7849 3.76523 -7.39478 -21.1082 
18.9402 9.40906 -0.274661 16.3838 14.6818 3.62888 -8.06037 5.8383 53.5576 3.30523 -7.31649 10.8341 -1.57936 6.22314 -21.0636 -10.5781 -0.793564 17.1438 3.23487 4.15012 10.9013 -197.016 18.6344 8.90863 -11.2502 -38.2738 27.1237 5.98259 24.6329 6.24368 35.7789 -11.7784 3.9981 18.3054 3.56705 -16.6075 -15.6381 22.502 23.4245 29.3841 5.41658 21.8702 21.2372 13.0188 4.95662 0.164254 10.9511 16.6311 -18.424 -11.7521 -1.66264 9.79066 25.9844 
20.2803 16.4275 2.20866 24.4023 24.7469 0.240726 1.25826 -16.7114 77.0103 2.23492 -4.30119 17.1836 -1.33006 9.23972 -20.3456 -5.54901 2.96463 26.1799 12.688 13.5794 12.3195 -182.417 23.2619 19.0248 -5.5494 -33.52 29.8688 9.72538 37.5187 6.5893 49.3556 -13.107 6.62773 23.6468 8.24094 -5.13967 -3.85599 23.4245 41.7607 40.677 11.2101 23.5067 42.8794 17.3921 10.3594 2.4805 13.0544 13.6024 -13.3535 17.596 6.42136 12.5579 40.6312 
31.6451 21.7649 -5.73532 28.065 24.2918 8.68038 -8.72656 9.95729 72.8848 15.6663 -4.12467 22.9831 -1.51886 14.7833 -37.8051 -11.0719 2.90168 38.0367 -1.06302 5.00083 14.3094 -161.513 26.1006 31.3393 -14.3189 -48.1638 30.7935 8.70497 34.7788 5.53719 53.792 -22.5126 5.65436 35.4078 8.41911 -27.955 -21.4174 29.3841 40.677 66.7648 7.71146 29.971 33.8213 30.7894 9.71989 6.91751 13.7428 27.9959 -30.8414 -13.3712 9.94021 12.982 43.6156 
3.53589 3.64812 1.5253 5.27308 6.03754 -1.41042 2.71311 -12.5459 23.1508 -1.66738 -0.937986 3.78012 -0.433711 1.78219 -3.2582 -0.792994 1.01617 5.34455 4.59473 4.36634 2.62418 -35.2949 5.45283 3.53158 0.514395 -5.91534 6.93333 2.5177 9.67112 1.01752 11.9728 -2.00318 1.91523 4.40399 2.27983 2.53512 1.99168 5.41658 11.2101 7.71146 4.55666 5.2284 15.4047 3.13904 2.56434 -0.0266716 3.18587 0.76292 -1.12075 12.5423 1.30214 3.12806 8.74996 
20.943 9.63748 -2.2223 17.7059 14.8944 4.83773 -11.6983 16.8483 52.8874 4.99655 -7.47051 10.0927 -1.55792 7.01904 -25.4589 -12.999 -1.12639 20.0656 -1.55979 -0.406812 15.4119 -234.365 18.9935 11.0291 -14.05 -42.5851 26.162 5.99484 24.9685 7.86411 35.4706 -15.0227 2.22362 19.1464 3.42005 -21.6477 -19.5035 21.8702 23.5067 29.971 5.2284 24.5363 22.6375 14.6855 5.73821 1.14557 9.19961 18.4186 -22.8567 -19.3533 -2.54854 10.3046 29.911 
18.004 14.1704 1.79589 22.1225 23.5054 -3.17358 1.42039 -28.067 81.5149 -3.46827 -4.02636 15.3814 -1.62255 7.90097 -21.1211 -7.31212 2.14079 26.9402 11.0297 10.7151 15.2748 -181.491 22.5643 15.5274 -4.22293 -32.4338 23.0433 9.30109 36.0632 8.12768 46.9026 -12.9706 4.54466 19.0672 7.75827 -0.266003 -1.11753 21.2372 42.8794 33.8213 15.4047 22.6375 63.0607 16.4741 9.97463 1.34796 11.7149 8.04594 -13.8296 26.4665 4.31242 12.6255 35.5903 
19.4985 10.2926 -6.88924 13.716 10.2054 7.00876 -11.207 27.1144 25.3966 11.35 -1.30023 8.50344 -0.885721 7.53215 -28.6455 -8.53577 0.600334 21.3155 -14.1421 -12.2099 13.3655 -109.789 11.5776 18.2813 -10.8202 -26.831 10.1887 3.23815 13.4622 5.31908 23.4157 -15.0956 -2.06562 18.5388 3.694 -23.2636 -17.8021 13.0188 17.3921 30.7894 3.13904 14.6855 16.4741 21.2538 5.42093 5.2346 2.5018 17.8637 -21.889 -23.4195 4.90723 6.80293 24.4191 
7.24507 4.92593 -2.23664 6.471 5.67077 0.94212 -0.711606 4.31842 17.0432 2.47794 -0.320432 3.67411 -0.303042 2.78243 -9.25186 -3.12764 0.49327 7.24424 -3.48809 -2.55225 5.72514 -54.3194 4.93211 7.4846 -2.59906 -8.97288 4.90669 2.29789 8.79062 1.28962 10.7954 -6.14585 0.0296316 6.33005 3.23379 -6.46528 -4.24787 4.95662 10.3594 9.71989 2.56434 5.73821 9.97463 5.42093 5.20919 1.71127 1.19231 5.27254 -5.74669 1.20595 3.90035 3.39757 14.8558 
5.26117 3.22124 -3.94579 2.08437 0.344348 2.88104 -2.18311 14.8643 -1.42382 5.30967 1.50084 1.38734 0.245356 2.11688 -8.37737 -1.74282 1.15151 6.48231 -10.514 -7.63406 4.62235 16.6099 -0.216423 7.26936 -3.0732 -3.67375 -1.80709 0.0721819 -0.375154 0.4807 2.09089 -4.81456 -1.32374 4.27382 2.14869 -10.1947 -6.8171 0.164254 2.4805 6.91751 -0.0266716 1.14557 1.34796 5.2346 1.71127 4.34045 -2.19413 4.1295 -6.44725 -6.19412 3.1405 0.752546 5.78428 
2.96397 3.91593 4.43337 7.2796 9.16656 -2.30887 2.75331 -19.6282 30.6241 -2.73163 -2.21671 9.648 -0.05274 1.72908 0.92492 -1.12106 -0.387838 6.22718 19.262 19.2476 -1.97435 -49.8123 9.80652 -0.325469 -0.955753 -13.2534 14.5004 3.74409 14.8175 2.19945 19.2054 -0.138095 6.2054 6.78956 1.27162 5.38315 2.59883 10.9511 13.0544 13.7428 3.18587 9.19961 11.7149 2.5018 1.19231 -2.19413 11.8976 2.80106 -2.39788 10.1399 0.764331 3.80027 4.7559 
23.7109 8.95024 -9.01288 13.6547 8.09938 8.85512 -17.9293 44.2027 25.8544 11.5261 -5.34038 6.23499 -1.39341 6.82817 -33.8629 -14.6241 -1.76306 19.557 -20.175 -17.0155 17.3025 -181.826 13.02 14.767 -17.6999 -39.8994 15.157 2.99882 13.1339 6.61862 24.2046 -18.8124 -2.64659 18.3195 2.70695 -35.335 -29.4155 16.6311 13.6024 27.9959 0.76292 18.4186 8.04594 17.8637 5.27254 4.1295 2.80106 23.6231 -28.3397 -42.0228 0.672556 7.79689 26.0179 
-29.1229 -9.4772 16.9703 -13.7483 -6.28485 -10.1318 26.695 -63.9041 -26.0715 -13.9189 5.64727 -7.21562 1.48473 -7.13496 51.6599 24.7343 4.70107 -26.2659 34.7638 28.1864 -25.4662 197.322 -13.4627 -16.996 28.7873 58.6597 -8.35737 -2.13472 -10.2703 -8.03764 -25.6212 27.5957 6.19496 -20.2131 -3.32174 54.2408 46.0125 -18.424 -13.3535 -30.8414 -1.12075 -22.8567 -13.8296 -21.889 -5.74669 -6.44725 -2.39788 -28.3397 46.8096 62.2793 -1.24711 -8.85422 -25.3276 
-34.3065 1.79963 25.442 -4.26668 9.58082 -20.863 59.4027 -144.581 38.3378 -22.2091 10.4064 10.7185 2.30073 -3.23983 67.9161 35.0736 11.8715 -18.9597 68.7077 66.2673 -36.3352 342.132 -5.70857 -7.53064 45.4357 71.0866 2.24796 4.9001 14.5928 -15.3444 -0.161039 33.5705 19.222 -13.5196 7.40801 86.6361 75.7849 -11.7521 17.596 -13.3712 12.5423 -19.3533 26.4665 -23.4195 1.20595 -6.19412 10.1399 -42.0228 62.2793 157.205 12.0021 -5.05165 -16.9203 
1.80287 5.33368 -3.64957 2.59734 3.05932 -1.39691 5.94077 -5.11186 1.70329 4.46081 4.71509 5.73903 0.563569 2.86581 -5.13698 2.8107 1.95023 5.57349 -1.21893 0.957297 -2.28043 112.07 -1.28203 10.4318 1.9472 4.97762 -8.10741 0.611875 1.12813 -4.00893 2.01721 -3.21698 0.511853 3.93087 2.68309 1.07487 3.76523 -1.66264 6.42136 9.94021 1.30214 -2.54854 4.31242 4.90723 3.90035 3.1405 0.764331 0.672556 -1.24711 12.0021 16.8803 -0.469262 4.52215 
9.70116 4.89446 -0.542545 8.65014 7.74366 1.69069 -4.09195 6.15984 25.7117 1.65718 -3.15267 4.41116 -0.736656 3.04314 -11.4928 -5.17395 -0.131387 9.23145 -0.62472 -0.600992 7.52085 -107.319 8.84267 5.55883 -5.44578 -17.9571 11.9666 3.13309 12.593 3.98362 17.4739 -6.70691 0.902518 8.71105 2.34141 -8.34805 -7.39478 9.79066 12.5579 12.982 3.12806 10.3046 12.6255 6.80293 3.39757 0.752546 3.80027 7.79689 -8.85422 -5.05165 -0.469262 5.1982 15.5701 
32.9316 18.0298 -4.17014 28.8115 24.5885 8.29041 -12.1325 30.4342 71.7929 11.2314 -7.01347 10.7036 -2.29182 12.2899 -39.0772 -13.5296 1.82503 30.5506 -11.9738 -12.0425 26.3296 -334.357 24.7724 26.7171 -14.5631 -46.7483 33.0288 9.55769 37.8988 9.66374 49.4287 -23.7114 -0.4836 29.1056 8.18453 -28.1706 -21.1082 25.9844 40.6312 43.6156 8.74996 29.911 35.5903 24.4191 14.8558 5.78428 4.7559 26.0179 -25.3276 -16.9203 4.52215 15.5701 66.2699 
